I
1130 Generated by WorldEditor 2.2.0r2

1    557 1 0 EDLO Oerlinghausen
1302 city Oerlinghausen
1302 country Germany
1302 datum_lat 51.9325
1302 datum_lon 8.662
1302 faa_code 
1302 gui_label 3D
1302 iata_code 
1302 icao_code EDLO
1302 region_code ED
1302 state North Rhine-Westphalia
1302 transition_alt 
1302 transition_level 
100 20.00 15 0 0.30 0 0 0 04  51.92958822  008.65833842  121    0 1 0 0 0 22  51.93464604  008.66484231    0    0 1 0 0 0
100 100.00 15 0 0.00 0 0 0 03  51.92807784  008.66080596    0    0 0 0 0 0 21  51.93556566  008.67035596    0    0 1 0 0 0
110 1 0.00 40.0000 New Taxiway 2
111  51.93007351  008.66922256
111  51.93010187  008.66927469
111  51.93032880  008.66891434
111  51.93050467  008.66921336
111  51.93060017  008.66936670
111  51.93064178  008.66927163
111  51.93052453  008.66909835
111  51.93075524  008.66869813
111  51.93072120  008.66863219
111  51.93049995  008.66899101
111  51.93047725  008.66901555
111  51.93045834  008.66900021
111  51.93037324  008.66885147
111  51.93066447  008.66834238
111  51.93077545  008.66853537
111  51.93072120  008.66863219
111  51.93075524  008.66869813
111  51.93081901  008.66853923
113  51.93066163  008.66825497
110 1 0.00 40.0000 New Taxiway 2
111  51.93308727  008.66062347
111  51.93375820  008.66090162
111  51.93377106  008.66077348
113  51.93310116  008.66054127
110 1 0.20 40.0000 New Taxiway 3
112  51.93193583  008.66044233  51.93190957  008.66045297
112  51.93185155  008.66045765  51.93180889  008.66045647
111  51.93185155  008.66045765
112  51.93185155  008.66045765  51.93182785  008.66046475
111  51.93176370  008.66038092
112  51.93057649  008.65886181  51.93045308  008.65870728
112  51.93023553  008.65847221  51.93018713  008.65842070
112  51.92972592  008.65811010  51.92944991  008.65799114
111  51.92972592  008.65811010
112  51.92972592  008.65811010  51.92936899  008.65796784
111  51.92897555  008.65781980
112  51.92839975  008.65764099  51.92812600  008.65758581
111  51.92839975  008.65764099
112  51.92839975  008.65764099  51.92822960  008.65761892
111  51.92792105  008.65760438
112  51.92787139  008.65759959  51.92786244  008.65759603
111  51.92787139  008.65759959
112  51.92787139  008.65759959  51.92782825  008.65759295
112  51.92784653  008.65755678  51.92785624  008.65752940
112  51.92790524  008.65737370  51.92791509  008.65732993
111  51.92791879  008.65728582
111  51.92769416  008.65720078
111  51.92728751  008.65832695
112  51.92734299  008.65860767  51.92734589  008.65890762
111  51.92734299  008.65860767
112  51.92734299  008.65860767  51.92727132  008.65892636
112  51.92685562  008.66044214  51.92682884  008.66053581
112  51.92642148  008.66206546  51.92640573  008.66213274
111  51.92642148  008.66206546
112  51.92642148  008.66206546  51.92639890  008.66216595
111  51.92636316  008.66218114
111  51.92633139  008.66227293
112  51.92738846  008.66367034  51.92752959  008.66385342
111  51.92847203  008.66501058
111  51.92859920  008.66515586
111  51.92880456  008.66540233
112  51.92892521  008.66554412  51.92892000  008.66553567
112  51.92924952  008.66590044  51.92930321  008.66596421
111  51.92924952  008.66590044
112  51.92924952  008.66590044  51.92927636  008.66593232
112  51.92963443  008.66629819  51.92975092  008.66642027
111  51.92963443  008.66629819
112  51.92963443  008.66629819  51.92972343  008.66638247
111  51.92992006  008.66659468
111  51.93015729  008.66688174
111  51.93109584  008.66800347
111  51.93121326  008.66814627
112  51.93164430  008.66866256  51.93185338  008.66891474
111  51.93202621  008.66920603
112  51.93261938  008.67028248  51.93279997  008.67060626
111  51.93261938  008.67028248
112  51.93261938  008.67028248  51.93284644  008.67073015
111  51.93321657  008.67135775
112  51.93335726  008.67157816  51.93340212  008.67164677
111  51.93335726  008.67157816
112  51.93335726  008.67157816  51.93341415  008.67165860
112  51.93348259  008.67174971  51.93352088  008.67179821
111  51.93348259  008.67174971
112  51.93348259  008.67174971  51.93387152  008.67222384
112  51.93504216  008.67342475  51.93512786  008.67349513
111  51.93504216  008.67342475
112  51.93504216  008.67342475  51.93516652  008.67348389
112  51.93525063  008.67342005  51.93526777  008.67341236
111  51.93525063  008.67342005
112  51.93525063  008.67342005  51.93536003  008.67336504
111  51.93542014  008.67313964
112  51.93582951  008.67078030  51.93590530  008.67035295
111  51.93582951  008.67078030
112  51.93582951  008.67078030  51.93588797  008.67039639
112  51.93624868  008.66845010  51.93626864  008.66831722
112  51.93626412  008.66826875  51.93626307  008.66820317
112  51.93622505  008.66802278  51.93621612  008.66798104
111  51.93622505  008.66802278
112  51.93622505  008.66802278  51.93622058  008.66800191
112  51.93589276  008.66667665  51.93576116  008.66612950
111  51.93589276  008.66667665
112  51.93589276  008.66667665  51.93575571  008.66613097
112  51.93566877  008.66580742  51.93563537  008.66571850
111  51.93533332  008.66513435
111  51.93534891  008.66510953
112  51.93516749  008.66474536  51.93514342  008.66469745
112  51.93509523  008.66465746  51.93507955  008.66462729
111  51.93368099  008.66178441
111  51.93371820  008.66144002
111  51.93317690  008.66124164
112  51.93310214  008.66134735  51.93303965  008.66139419
111  51.93304742  008.66130818
111  51.93298350  008.66128159
112  51.93295267  008.66124734  51.93294531  008.66119453
111  51.93295267  008.66124734
112  51.93295267  008.66124734  51.93295214  008.66120901
112  51.93294483  008.66103286  51.93294325  008.66094343
112  51.93296416  008.66080907  51.93297624  008.66068387
111  51.93296416  008.66080907
112  51.93296416  008.66080907  51.93297309  008.66072815
112  51.93297724  008.66063192  51.93298040  008.66059189
112  51.93301242  008.66059743  51.93302397  008.66060084
111  51.93301242  008.66059743
112  51.93301242  008.66059743  51.93304603  008.66060765
111  51.93308727  008.66062347
111  51.93310116  008.66054127
112  51.93308553  008.66052585  51.93308343  008.66051648
111  51.93308689  008.66049046
111  51.93303983  008.66040221
111  51.93300233  008.66032831
111  51.93247532  008.66013194
111  51.93247216  008.66015331
111  51.93244011  008.66014402
111  51.93234113  008.66023613
114  51.93232757  008.66027269  51.93231335  008.66027861
111  51.93490806  008.66673305
111  51.93611145  008.66826366
112  51.93612322  008.66831855  51.93612676  008.66835864
111  51.93612322  008.66831855
112  51.93612322  008.66831855  51.93613674  008.66836188
112  51.93615707  008.66838537  51.93616798  008.66842270
111  51.93615707  008.66838537
112  51.93615707  008.66838537  51.93616770  008.66841530
112  51.93616884  008.66843549  51.93616969  008.66845353
111  51.93611019  008.66875283
112  51.93598583  008.66859111  51.93597561  008.66859073
112  51.93596174  008.66859970  51.93595065  008.66859970
111  51.93593722  008.66858777
113  51.93475171  008.66707550
111  51.93608596  008.66890184
112  51.93601833  008.66927496  51.93601439  008.66927896
112  51.93582970  008.66903040  51.93581872  008.66901600
112  51.93580069  008.66900828  51.93579350  008.66900107
112  51.93577601  008.66898749  51.93576745  008.66898360
112  51.93575024  008.66899057  51.93573964  008.66898003
111  51.93457492  008.66748821
111  51.93473398  008.66712569
112  51.93591899  008.66864293  51.93592350  008.66865026
112  51.93592609  008.66867518  51.93592846  008.66868713
114  51.93593318  008.66871103  51.93593722  008.66872568
111  51.93564190  008.67166112
111  51.93563066  008.67169592
111  51.93560818  008.67169095
111  51.93552235  008.67158488
111  51.93549680  008.67162466
112  51.93530675  008.67137441  51.93530317  008.67137054
112  51.93527201  008.67133795  51.93526650  008.67133429
112  51.93521581  008.67131641  51.93520646  008.67130637
112  51.93373221  008.66943347  51.93373009  008.66942813
112  51.93375145  008.66938028  51.93375423  008.66937195
111  51.93376466  008.66934977
112  51.93368222  008.66923397  51.93367737  008.66922703
112  51.93366645  008.66922318  51.93366160  008.66922133
112  51.93361678  008.66921627  51.93360737  008.66920425
112  51.93349047  008.66904019  51.93347935  008.66902724
112  51.93340008  008.66897872  51.93339009  008.66896716
112  51.93329882  008.66887947  51.93329055  008.66886930
112  51.92720090  008.66116547  51.92718694  008.66114150
111  51.92713044  008.66102737
112  51.92706742  008.66092153  51.92705181  008.66089889
112  51.92697419  008.66083220  51.92696434  008.66081555
112  51.92695253  008.66077855  51.92695088  008.66075991
112  51.92695977  008.66070928  51.92695854  008.66069929
112  51.92685977  008.66059512  51.92685895  008.66058647
112  51.92739586  008.65860703  51.92741715  008.65856675
112  51.92744234  008.65853674  51.92746221  008.65851717
112  51.92749339  008.65850760  51.92751539  008.65851335
111  51.92749339  008.65850760
112  51.92749339  008.65850760  51.92751241  008.65851257
112  51.92758169  008.65863237  51.92759125  008.65864819
111  51.92758169  008.65863237
112  51.92758169  008.65863237  51.92758652  008.65863859
112  51.92760173  008.65868166  51.92759889  008.65869547
112  51.92758108  008.65874828  51.92758533  008.65875749
112  51.92780537  008.65902405  51.92781105  008.65903096
112  51.92787600  008.65908418  51.92789516  008.65909569
112  51.92800136  008.65919012  51.92801556  008.65920393
112  51.93573656  008.66904607  51.93574050  008.66906125
112  51.93574862  008.66909556  51.93575454  008.66910914
112  51.93576920  008.66913929  51.93577807  008.66915368
114  51.93602678  008.66946729  51.93602727  008.66947529
111  51.93478006  008.66662965
112  51.93467054  008.66689664  51.93466301  008.66689888
112  51.93464028  008.66689414  51.93463335  008.66688868
112  51.93444940  008.66665415  51.93443832  008.66664149
112  51.93435949  008.66658192  51.93434799  008.66656593
112  51.92820854  008.65876752  51.92818206  008.65871742
112  51.92812896  008.65861634  51.92809954  008.65856862
112  51.92791689  008.65834293  51.92791738  008.65833095
112  51.92803700  008.65806787  51.92804045  008.65806787
112  51.92821888  008.65828328  51.92822627  008.65829287
112  51.92834763  008.65838767  51.92835945  008.65839966
112  51.92839903  008.65844457  51.92840790  008.65845416
112  51.93453342  008.66626405  51.93453753  008.66627238
111  51.93456285  008.66632173
114  51.93460454  008.66640127  51.93460933  008.66640960
112  51.93296476  008.66192149  51.93294669  008.66189086
112  51.93291245  008.66179885  51.93290342  008.66172492
112  51.93292720  008.66166355  51.93293377  008.66164624
112  51.93296725  008.66158801  51.93298861  008.66155671
112  51.93303956  008.66155559  51.93306296  008.66156092
112  51.93351776  008.66173059  51.93353136  008.66173730
112  51.93355577  008.66175445  51.93356819  008.66176979
112  51.93359868  008.66183002  51.93362234  008.66187797
112  51.93404746  008.66273683  51.93405810  008.66275889
112  51.93408057  008.66282831  51.93408589  008.66286092
112  51.93408670  008.66292774  51.93408078  008.66296706
111  51.93406830  008.66300729
113  51.93396776  008.66322008
111  51.93402737  008.66327983
111  51.93419353  008.66293362
112  51.93496193  008.66447546  51.93496400  008.66447992
114  51.93495810  008.66448153  51.93495524  008.66447744
112  51.93526017  008.66513606  51.93525574  008.66515444
111  51.93526017  008.66513606
112  51.93526017  008.66513606  51.93524835  008.66516802
112  51.93518153  008.66530197  51.93517512  008.66530677
112  51.93513766  008.66528793  51.93513175  008.66528473
112  51.93390867  008.66369507  51.93386449  008.66363272
112  51.93399533  008.66334654  51.93399795  008.66334538
112  51.93511194  008.66479231  51.93511933  008.66479870
112  51.93513855  008.66482827  51.93514841  008.66484665
112  51.93518142  008.66491139  51.93518881  008.66492498
114  51.93525041  008.66505525  51.93525534  008.66508003
112  51.93379976  008.66356890  51.93378841  008.66356545
112  51.93277179  008.66225368  51.93276552  008.66223521
112  51.93274852  008.66215878  51.93274621  008.66214111
112  51.93274887  008.66208774  51.93275316  008.66206686
112  51.93278754  008.66199172  51.93279562  008.66197941
112  51.93284160  008.66194732  51.93287445  008.66193733
112  51.93290559  008.66195232  51.93293393  008.66197629
112  51.93382628  008.66314069  51.93385325  008.66320284
112  51.93387453  008.66331562  51.93387524  008.66338007
112  51.93385963  008.66348249  51.93384260  008.66354349
111  51.93385963  008.66348249
114  51.93385963  008.66348249  51.93383409  008.66355960
112  51.93288026  008.66042554  51.93289563  008.66043321
112  51.93291514  008.66044951  51.93292756  008.66046773
112  51.93294648  008.66055884  51.93294530  008.66057802
112  51.93285946  008.66115023  51.93285552  008.66116062
111  51.93285946  008.66115023
112  51.93285946  008.66115023  51.93285503  008.66114943
112  51.93244682  008.66062310  51.93242730  008.66059816
111  51.93244682  008.66062310
112  51.93244682  008.66062310  51.93242021  008.66058377
112  51.93242967  008.66049938  51.93243440  008.66047637
112  51.93246988  008.66040636  51.93250181  008.66037375
112  51.93259287  008.66033539  51.93264728  008.66033443
113  51.93274484  008.66036800
111  51.93271833  008.66112678
112  51.93284207  008.66127327  51.93285192  008.66129325
112  51.93286271  008.66148062  51.93284152  008.66158611
112  51.93277974  008.66159310  51.93276545  008.66159390
112  51.93268821  008.66156255  51.93266751  008.66154257
112  51.93212375  008.66084920  51.93211307  008.66083055
112  51.93211632  008.66058767  51.93217750  008.66045048
112  51.93229916  008.66057576  51.93231394  008.66059308
111  51.93242046  008.66073663
111  51.93237799  008.66081860
111  51.93247732  008.66095756
111  51.93251544  008.66096382
111  51.93255058  008.66089671
111  51.93269936  008.66108120
111  51.93265800  008.66118166
111  51.93265223  008.66117475
111  51.93262528  008.66123725
111  51.93266105  008.66128282
111  51.93268507  008.66122083
113  51.93268150  008.66121582
111  51.93267616  008.66166141
112  51.93272639  008.66192808  51.93266775  008.66207912
111  51.93257684  008.66199642
111  51.93121726  008.66025983
112  51.93123597  008.66004776  51.93127643  008.65993442
113  51.93136607  008.65998332
112  51.93108483  008.65962211  51.93110109  008.65965008
112  51.93110738  008.65978326  51.93110994  008.65983228
112  51.93109659  008.65991418  51.93107948  008.65995349
112  51.93099929  008.65996781  51.93098645  008.65995625
111  51.93099929  008.65996781
112  51.93099929  008.65996781  51.93099287  008.65996203
112  51.93039284  008.65921587  51.93009770  008.65883812
111  51.93039284  008.65921587
112  51.93039284  008.65921587  51.93024527  008.65902700
112  51.92998838  008.65869491  51.92987933  008.65855189
112  51.92981172  008.65844609  51.92981142  008.65844361
111  51.92981172  008.65844609
112  51.92981172  008.65844609  51.92981052  008.65843619
112  51.92981143  008.65832875  51.92983272  008.65825511
112  51.92989540  008.65828733  51.92990321  008.65828963
112  51.93005328  008.65840451  51.93007244  008.65842177
112  51.93026935  008.65860647  51.93034102  008.65868012
114  51.93059050  008.65898628  51.93066885  008.65908538
112  51.93460022  008.66703053  51.93460022  008.66705382
112  51.93446426  008.66735544  51.93445328  008.66735544
112  51.92804879  008.65919743  51.92806230  008.65921387
112  51.92799480  008.65911053  51.92800663  008.65912697
111  51.92773971  008.65873658
111  51.92778025  008.65863795
111  51.92806576  008.65899547
111  51.92808519  008.65895163
111  51.92780390  008.65859412
111  51.92786472  008.65845988
112  51.92805478  008.65869137  51.92807336  008.65870918
112  51.92819162  008.65880780  51.92820682  008.65882424
112  51.93113538  008.66255112  51.93117431  008.66260043
112  51.93363871  008.66573152  51.93365087  008.66574730
112  51.93433795  008.66662284  51.93435061  008.66664476
114  51.93438955  008.66673996  51.93441067  008.66677832
112  51.93543064  008.67175746  51.93541797  008.67179856
112  51.93533027  008.67207315  51.93532098  008.67207589
111  51.93355487  008.66985438
111  51.93371790  008.66946942
111  51.93424837  008.67014481
112  51.93529663  008.67146824  51.93532366  008.67150797
113  51.93544783  008.67167922
112  51.93538562  008.67312771  51.93536129  008.67325595
112  51.93525717  008.67335735  51.93519534  008.67340009
112  51.93501925  008.67334315  51.93491586  008.67325930
112  51.93353319  008.67176263  51.93346258  008.67168288
112  51.93311724  008.67111443  51.93307416  008.67101990
112  51.93227660  008.66958149  51.93221675  008.66946787
112  51.93199927  008.66909148  51.93193651  008.66899206
112  51.93167961  008.66864881  51.93161393  008.66857070
111  51.93120523  008.66807596
111  51.93007840  008.66671959
112  51.93045841  008.66598666  51.93047747  008.66599142
111  51.93239325  008.66842869
112  51.93318011  008.66943396  51.93318147  008.66944057
112  51.93318527  008.66947705  51.93318765  008.66948641
112  51.93337490  008.66972999  51.93338126  008.66974222
112  51.93339378  008.66978429  51.93339331  008.66980608
112  51.93335480  008.66990311  51.93334985  008.66990426
111  51.93309983  008.66951294
111  51.93308086  008.66955787
112  51.93343640  008.67009913  51.93345456  008.67009913
111  51.93354003  008.66988134
111  51.93466456  008.67131677
112  51.93527642  008.67214365  51.93528033  008.67215555
112  51.93527890  008.67219224  51.93528575  008.67221681
111  51.93532832  008.67225826
114  51.93549167  008.67245861  51.93549810  008.67251263
112  51.93356292  008.66934417  51.93357208  008.66936234
112  51.93357729  008.66940147  51.93357355  008.66942735
112  51.93354566  008.66948433  51.93353955  008.66949038
112  51.93353107  008.66948827  51.93352326  008.66948277
111  51.93324157  008.66917658
111  51.93321968  008.66922985
112  51.93351039  008.66954746  51.93351175  008.66955957
112  51.93347390  008.66963820  51.93346881  008.66963820
112  51.93324644  008.66940345  51.93322879  008.66939188
112  51.93320143  008.66938142  51.93318887  008.66937207
112  51.93314183  008.66932454  51.93313131  008.66931242
112  51.93047800  008.66594929  51.93046463  008.66592646
111  51.92861013  008.66358318
111  51.92868238  008.66343104
111  51.92894892  008.66383167
111  51.92896770  008.66379014
111  51.92870399  008.66339578
111  51.92878083  008.66322455
111  51.92956980  008.66422434
111  51.93219741  008.66755099
111  51.93331663  008.66895929
113  51.93341208  008.66912642
111  51.92915162  008.65797600
111  51.93510313  008.66560428
111  51.93521191  008.66538575
111  51.93530607  008.66518834
112  51.93564427  008.66585632  51.93567139  008.66594988
112  51.93622389  008.66817205  51.93622894  008.66819941
112  51.93623151  008.66824734  51.93623237  008.66826371
112  51.93623199  008.66829259  51.93623235  008.66829317
112  51.93616841  008.66822720  51.93615962  008.66822463
112  51.93610349  008.66818614  51.93609917  008.66818146
112  51.93466338  008.66628873  51.93465611  008.66627897
112  51.93461669  008.66624849  51.93459933  008.66623743
112  51.93456526  008.66621401  51.93455281  008.66619784
112  51.92833909  008.65829404  51.92832982  008.65827998
112  51.92826838  008.65816375  51.92825762  008.65814872
111  51.92801342  008.65785452
112  51.92810769  008.65769818  51.92812473  008.65769042
114  51.92852977  008.65774787  51.92857103  008.65775659
112  51.93042407  008.66591983  51.93042928  008.66594516
112  51.93042407  008.66596326  51.93041961  008.66597532
112  51.93005984  008.66668424  51.93005315  008.66669027
112  51.93004377  008.66668945  51.93003410  008.66668342
112  51.92965062  008.66626728  51.92948888  008.66611836
111  51.92965062  008.66626728
112  51.92965062  008.66626728  51.92956774  008.66619195
112  51.92897357  008.66554284  51.92893117  008.66549338
112  51.92833155  008.66478087  51.92828543  008.66472176
111  51.92833155  008.66478087
112  51.92833155  008.66478087  51.92830849  008.66475131
112  51.92737254  008.66359131  51.92691265  008.66300355
112  51.92646894  008.66240025  51.92645035  008.66236758
112  51.92642716  008.66228560  51.92641941  008.66221020
112  51.92643252  008.66214315  51.92645060  008.66206105
112  51.92664463  008.66136664  51.92665600  008.66134485
112  51.92669177  008.66131278  51.92671140  008.66130776
112  51.92673248  008.66131800  51.92675056  008.66133056
112  51.92690495  008.66152472  51.92692923  008.66154818
112  51.92701850  008.66160637  51.92703917  008.66163150
111  51.92849335  008.66347420
111  51.92841226  008.66364068
111  51.92816601  008.66331978
111  51.92815411  008.66334391
111  51.92840209  008.66366401
111  51.92839676  008.66367567
112  51.92850778  008.66380162  51.92852638  008.66381871
111  51.92880721  008.66412410
111  51.92882142  008.66408706
111  51.92852025  008.66376937
113  51.92859601  008.66360690
112  51.92865615  008.66306121  51.92866284  008.66308896
112  51.92865466  008.66313963  51.92864573  008.66315893
112  51.92850959  008.66344244  51.92850585  008.66344487
112  51.92849769  008.66344003  51.92849370  008.66343599
112  51.92705147  008.66160027  51.92703727  008.66157583
112  51.92694211  008.66139277  51.92692920  008.66137183
112  51.92678514  008.66120699  51.92677998  008.66119302
112  51.92677993  008.66114305  51.92678467  008.66112350
111  51.92688334  008.66090177
112  51.92706933  008.66112133  51.92708224  008.66113181
114  51.92718017  008.66120369  51.92719610  008.66121416
112  51.92797520  008.65782690  51.92796528  008.65785908
112  51.92781000  008.65820503  51.92780454  008.65821709
112  51.92778023  008.65822514  51.92777229  008.65822514
112  51.92775741  008.65821870  51.92774798  008.65821227
112  51.92768597  008.65813101  51.92768150  008.65812055
111  51.92767952  008.65809400
112  51.92767753  008.65804975  51.92767952  008.65803366
112  51.92776832  008.65781966  51.92777775  008.65780517
112  51.92790872  008.65772392  51.92792212  008.65771748
112  51.92795040  008.65772472  51.92796429  008.65773276
114  51.92797719  008.65777219  51.92798513  008.65779471
112  51.92775046  008.65834260  51.92774500  008.65836995
111  51.92775046  008.65834260
112  51.92775046  008.65834260  51.92773855  008.65837800
111  51.92764776  008.65857913
112  51.92762097  008.65863545  51.92761452  008.65863625
111  51.92759369  008.65860005
112  51.92752473  008.65847776  51.92752473  008.65846569
112  51.92762445  008.65818894  51.92762693  008.65818491
112  51.92766959  008.65817124  51.92767753  008.65817606
112  51.92773508  008.65824525  51.92774054  008.65825732
113  51.92774798  008.65828950
110 1 0.00 40.0000 New Taxiway 12
111  51.93234134  008.66023631
111  51.93244011  008.66014402
112  51.93237772  008.66011675  51.93236098  008.66009691
112  51.93233586  008.66002799  51.93232846  008.66000345
112  51.93232717  008.65984316  51.93232782  008.65980192
111  51.93237362  008.65956987
111  51.93232038  008.65953349
111  51.93231591  008.65956122
111  51.93227470  008.65955653
111  51.93226440  008.65969958
112  51.93229981  008.65971107  51.93230271  008.65971473
112  51.93230786  008.65973195  51.93230689  008.65974396
112  51.93229627  008.65981862  51.93229466  008.65983742
112  51.93228886  008.65995751  51.93229047  008.65998518
112  51.93230367  008.66006715  51.93230786  008.66008229
111  51.93232588  008.66013032
114  51.93234295  008.66019141  51.93234391  008.66020081
110 1 0.00 40.0000 New Taxiway 1
111  51.92992006  008.66659468
112  51.92997269  008.66672177  51.92997823  008.66674103
112  51.92998903  008.66679939  51.92998349  008.66682464
112  51.92956276  008.66764103  51.92955206  008.66765437
111  51.92947391  008.66778426
111  51.92920204  008.66822104
112  51.92934703  008.66843815  51.92935210  008.66843712
112  51.92960371  008.66797595  51.92960371  008.66796465
112  51.92953176  008.66784737  51.92953176  008.66783556
112  51.93002307  008.66684542  51.93003389  008.66683515
112  51.93006392  008.66683217  51.93007843  008.66683388
113  51.93015729  008.66688174
110 1 0.00 40.0000 New Taxiway 1
111  51.93109584  008.66800347
112  51.93112034  008.66807935  51.93112247  008.66809462
112  51.93111734  008.66812515  51.93111263  008.66814319
111  51.93089528  008.66873022
112  51.93077995  008.66902799  51.93077310  008.66904464
111  51.93064114  008.66927214
111  51.93069718  008.66934430
112  51.93074240  008.66930236  51.93075853  008.66929497
112  51.93079367  008.66930879  51.93080009  008.66930185
111  51.93079367  008.66930879
112  51.93079367  008.66930879  51.93083384  008.66924143
112  51.93087482  008.66904170  51.93087653  008.66901325
112  51.93087913  008.66888859  51.93088641  008.66886916
112  51.93114639  008.66816746  51.93115067  008.66815983
112  51.93117399  008.66814508  51.93119153  008.66813537
113  51.93121326  008.66814627
110 1 0.00 40.0000 New Taxiway 4
111  51.92880456  008.66540233
112  51.92881440  008.66551698  51.92879536  008.66555957
112  51.92876213  008.66554338  51.92875229  008.66554232
112  51.92870724  008.66552741  51.92868492  008.66551783
111  51.92867323  008.66552848
111  51.92873587  008.66563602
112  51.92876227  008.66563475  51.92877080  008.66563901
112  51.92877290  008.66565413  51.92877159  008.66566691
111  51.92876187  008.66568586
111  51.92880284  008.66574719
112  51.92884224  008.66559002  51.92885209  008.66557086
112  51.92887849  008.66554147  51.92888702  008.66554040
113  51.92892521  008.66554412
110 1 0.00 40.0000 New Taxiway 3
111  51.92847203  008.66501058
112  51.92849060  008.66510836  51.92848908  008.66514841
112  51.92842958  008.66523375  51.92843566  008.66522327
111  51.92797159  008.66596078
112  51.92786304  008.66613791  51.92785468  008.66614284
111  51.92777890  008.66617233
111  51.92787151  008.66632395
112  51.92789964  008.66623281  51.92790610  008.66622788
112  51.92793037  008.66624559  51.92793987  008.66625483
111  51.92803041  008.66642187
111  51.92810924  008.66629670
112  51.92799759  008.66610093  51.92799607  008.66609230
112  51.92800175  008.66608039  51.92800479  008.66607607
112  51.92801559  008.66607895  51.92802243  008.66608141
111  51.92812488  008.66627066
111  51.92825501  008.66606286
111  51.92818602  008.66594592
111  51.92822895  008.66588067
111  51.92830249  008.66600377
111  51.92862613  008.66548019
112  51.92854024  008.66533708  51.92853487  008.66533519
111  51.92854024  008.66533708
112  51.92854024  008.66533708  51.92853601  008.66533580
111  51.92844569  008.66549297
112  51.92840295  008.66542179  51.92839763  008.66540700
112  51.92841070  008.66535118  51.92841982  008.66532900
112  51.92851739  008.66517353  51.92852385  008.66516305
112  51.92854497  008.66514541  51.92855979  008.66514048
113  51.92859920  008.66515586
130 Airport Boundary 1
111  51.92718944  008.65699647
111  51.92688992  008.65842982
111  51.92611043  008.66206516
111  51.92765915  008.66436323
111  51.92729734  008.66539324
111  51.93026713  008.67031003
111  51.93191082  008.67211076
111  51.93234183  008.67117478
111  51.93554885  008.67431437
111  51.93652045  008.66826009
111  51.93586297  008.66554692
111  51.93371522  008.66169645
113  51.93317804  008.65932935
120 Linear Feature 5
111  51.92897318  008.65786549 1
112  51.92962212  008.65810615  51.92963586  008.65811374 1
112  51.92967292  008.65814694  51.92968033  008.65815468 1
112  51.92970574  008.65820296  51.92971120  008.65822526 1
112  51.92971267  008.65827257  51.92971072  008.65829218 1
115  51.92970202  008.65831434
120 Linear Feature 4
111  51.93001228  008.65832511 1
112  51.92984688  008.65821253  51.92981247  008.65820470 1
112  51.92977203  008.65821645  51.92974848  008.65823211 1
112  51.92970200  008.65831434  51.92968691  008.65835448 1
112  51.92968449  008.65838777  51.92968449  008.65841224 1
112  51.92969295  008.65847783  51.92970562  008.65851308 1
115  51.92978712  008.65860608
14  51.93221628  008.65961325  26.25 0 New Tower Viewpoint 92
1300  51.92948715  008.66795954 310.00 tie_down props Segelflugschule
1301 B general_aviation 
1300  51.92790653  008.66534979 320.00 tie_down props Hangar E
1301 A general_aviation 
1300  51.93298217  008.66127672 102.74 tie_down props Hangar N 1
1301 B none 
1300  51.93250808  008.66012807 107.93 tie_down props Hangar N 2
1301 B none 
1300  51.92747988  008.65743892  29.12 hangar props Hangar S
1301 E none 
19  51.93295387  008.66111755 0 New Windsock 93
1054 122175 Oehrlinghausen Info
99
